000000
000001
000002
000003
000004
000006
000007
000008
000010
000013
000014
000015
000017
000018
000019
000020
000021
000023
000026
000027
000030
000031
000032
000033
000035
000036
000037
000038
000041
000042
000043
000044
000045
000046
000047
000049
000050
000051
000053
000054
000055
000056
000057
000058
000059
000060
000061
000062
000064
000065
000066
000068
000069
000071
000073
000074
000075
000076
000077
000078
000079
000080
000082
000083
000084
000085
000086
000087
000089
000090
000091
000092
000093
000094
000095
000096
000097
000098
000100
000101
000102
000103
000104
000105
000106
000107
000108
000109
000110
000112
000113
000115
000117
000118
000119
000121
000122
000123
000124
000126
000127
000128
000129
000131
000133
000134
000135
000136
000137
000138
000141
000143
000144
000146
000147
000148
000149
000150
000151
000152
000156
000157
000158
000159
000160
000161
000162
000163
000165
000167
000169
000170
000173
000175
000177
000178
000179
000182
000184
000186
000187
000188
000189
000190
000192
000193
000194
000196
000197
000198
000199
000200
000201
000202
000203
000204
000205
000206
000207
000209
000213
000214
000215
000216
000217
000219
000220
000221
000222
000223
000224
000226
000227
000228
000229
000230
000231
000232
000233
000234
000235
000236
000237
000238
000239
000240
000242
000243
000244
000245
000247
000248
000249
000250
000251
000252
000255
000256
000257
000258
000259
000260
000262
000263
000264
000265
000266
000269
000270
000272
000273
000274
000276
000278
000279
000280
000281
000282
000283
000284
000285
000286
000287
000288
000289
000290
000291
000292
000293
000294
000295
000296
000298
000299
000300
000302
000304
000305
000306
000307
000308
000309
000310
000311
000312
000314
000315
000318
000319
000321
000322
000323
000324
000325
000326
000327
000328
000329
000331
000332
000333
000335
000336
000337
000338
000339
000340
000341
000342
000343
000344
000345
000346
000347
000349
000350
000352
000353
000354
000356
000357
000358
000359
000360
000361
000362
000363
000364
000365
000367
000368
000369
000370
000371
000372
000373
000375
000376
000377
000378
000382
000383
000387
000389
000391
000392
000393
000394
000395
000396
000397
000398
000399
000400
000401
000402
000406
000407
000408
000409
000410
000412
000414
000415
000416
000417
000418
000421
000423
000424
000425
000426
000427
000428
000429
000430
000431
000432
000433
000434
000436
000437
000438
000439
000440
000441
000442
000443
000445
000448
000449
000450
000451
000452
000453
000454
000455
000456
000458
000459
000460
000461
000462
000463
000464
000465
000466
000467
000469
000470
000471
000472
000473
000476
000477
000478
000479
000480
000481
000482
000483
000484
000485
000486
000487
000488
000489
000491
000494
000495
000496
000497
000498
000499
000500
000501
000502
000503
000504
000505
000506
000507
000508
000509
000510
000512
000513
000514
000516
000517
000518
000520
000521
000522
000523
000525
000526
000527
000528
000530
000531
000533
000534
000535
000536
000537
000538
000539
000540
000542
000543
000544
000545
000546
000547
000548
000549
000550
000551
000553
000555
000556
000557
000558
000559
000560
000562
000564
000565
000566
000567
000568
000569
000570
000572
000573
000574
000575
000576
000577
000578
000579
000580
000581
000582
000583
000585
000586
000587
000588
000589
000590
000591
000593
000594
000595
000596
000597
000601
000602
000603
000604
000605
000607
000608
000610
000611
000612
000613
000615
000617
000618
000619
000620
000622
000623
000624
000625
000626
000627
000630
000631
000632
000634
000635
000636
000637
000638
000639
000641
000642
000643
000644
000645
000646
000647
000648
000649
000650
000651
000652
000653
000654
000656
000657
000658
000659
000660
000663
000664
000665
000666
000667
000668
000670
000671
000672
000673
000674
000675
000676
000677
000679
000680
000681
000682
000683
000684
000686
000687
000688
000689
000690
000691
000692
000693
000694
000695
000696
000697
000698
000699
000700
000701
000702
000705
000706
000707
000708
000709
000710
000712
000714
000717
000719
000720
000721
000722
000723
000724
000725
000726
000727
000728
000729
000730
000731
000732
000733
000734
000735
000736
000737
000738
000739
000740
000741
000742
000744
000745
000746
000747
000748
000749
000752
000753
000754
000755
000756
000757
000758
000759
000760
000761
000762
000763
000764
000765
000766
000767
000768
000769
000770
000771
000772
000773
000775
000776
000777
000778
000780
000781
000782
000783
000785
000786
000788
000790
000791
000792
000793
000794
000795
000796
000798
000799
000800
000801
000802
000803
000804
000805
000808
000810
000811
000812
000813
000814
000815
000817
000818
000819
000820
000822
000823
000824
000825
000826
000827
000828
000830
000831
000833
000834
000835
000836
000837
000838
000839
000840
000841
000842
000844
000845
000847
000848
000849
000850
000851
000854
000855
000856
000858
000859
000860
000864
000865
000866
000868
000869
000870
000871
000872
000873
000874
000875
000876
000877
000878
000879
000880
000881
000882
000883
000884
000885
000886
000887
000890
000892
000893
000894
000895
000896
000897
000898
000899
000900
000901
000902
000903
000904
000905
000907
000908
000909
000913
000917
000919
000920
000921
000922
000923
000925
000926
000928
000929
000930
000931
000932
000933
000934
000936
000937
000938
000940
000942
000943
000944
000945
000946
000947
000948
000949
000950
000951
000952
000953
000954
000955
000956
000957
000958
000959
000961
000963
000964
000965
000966
000968
000970
000971
000972
000974
000975
000976
000977
000978
000979
000980
000981
000982
000983
000985
000986
000987
000989
000991
000992
000993
000994
000995
000996
000997
000998
000999
001000
001001
001002
001003
001004
001005
001006
001007
001009
001010
001013
001014
001015
001016
001017
001018
001019
001020
001021
001022
001023
001024
001025
001026
001027
001028
001031
001032
001033
001034
001035
001036
001037
001038
001039
001040
001042
001044
001045
001046
001047
001048
001050
001051
001053
001054
001055
001056
001058
001059
001060
001061
001062
001063
001064
001065
001066
001068
001069
001070
001071
001072
001073
001074
001075
001077
001078
001079
001080
001082
001083
001084
001085
001086
001087
001088
001089
001090
001091
001093
001094
001095
001096
001097
001098
001099
001100
001101
001102
001104
001105
001106
001107
001108
001109
001111
001112
001113
001114
001116
001118
001120
001122
001123
001124
001125
001126
001127
001128
001129
001130
001132
001133
001134
001135
001136
001137
001139
001142
001143
001144
001145
001147
001148
001149
001150
001151
001152
001154
001155
001156
001157
001158
001159
001161
001162
001163
001164
001165
001166
001167
001169
001170
001171
001172
001174
001177
001178
001179
001180
001181
001182
001183
001185
001186
001187
001188
001189
001190
001191
001192
001194
001195
001197
001200
001201
001202
001203
001204
001205
001207
001208
001210
001211
001212
001213
001214
001215
001216
001217
001218
001219
001221
001222
001223
001224
001225
001226
001227
001230
001231
001232
001233
001234
001235
001236
001237
001238
001239
001240
001241
001242
001246
001247
001248
001249
001250
001251
001253
001254
001255
001256
001257
001258
001261
001263
001264
001265
001266
001267
001268
001269
001271
001272
001275
001276
001277
001280
001282
001283
001284
001285
001286
001287
001288
001289
001291
001292
001293
001295
001296
001297
001298
001299
001300
001301
001302
001304
001306
001307
001308
001309
001310
001311
001313
001314
001315
001316
001318
001320
001321
001322
001323
001324
001325
001326
001327
001328
001329
001330
001331
001333
001334
001336
001337
001338
001340
001341
001342
001343
001344
001345
001346
001347
001348
001350
001351
001352
001353
001354
001355
001356
001357
001358
001359
001360
001361
001362
001363
001364
001365
001366
001367
001371
001372
001374
001375
001377
001378
001379
001380
001381
001382
001383
001385
001386
001387
001388
001389
001390
001391
001392
001394
001395
001396
001398
001399
001400
001401
001403
001404
001405
001407
001409
001410
001411
001412
001413
001414
001415
001416
001417
001418
001419
001420
001421
001422
001423
001425
001427
001429
001432
001433
001434
001435
001436
001437
001438
001440
001441
001442
001443
001444
001446
001447
001448
001449
001450
001452
001453
001454
001455
001456
001458
001459
001461
001462
001463
001464
001465
001466
001467
001469
001470
001472
001475
001476
001477
001478
001479
001480
001481
001482
001483
001484
001485
001486
001487
001488
001489
001490
001492
001493
001494
001495
001496
001497
001498
001499
001500
001501
001502
001503
001504
001505
001506
001507
001508
001509
001511
001512
001513
001514
001515
001516
001517
001518
001519
001520
001522
001523
001526
001527
001529
001530
001531
001532
001533
001534
001536
001537
001538
001539
001540
001542
001545
001546
001547
001549
001550
001552
001554
001555
001557
001558
001559
001560
001561
001562
001563
001564
001565
001566
001567
001568
001570
001574
001575
001576
001580
001581
001582
001583
001584
001586
001587
001588
001589
001590
001591
001592
001594
001595
001596
001598
001599
001601
001602
001604
001605
001606
001607
001608
001609
001610
001611
001613
001614
001615
001616
001617
001618
001620
001621
001622
001623
001624
001625
001626
001627
001628
001629
001630
001631
001632
001633
001634
001635
001636
001637
001638
001639
001640
001642
001645
001646
001647
001648
001649
001650
001653
001654
001656
001657
001658
001660
001661
001662
001663
001664
001665
001666
001667
001669
001670
001671
001673
001674
001675
001677
001678
001679
001681
001682
001683
001684
001686
001687
001689
001690
001691
001692
001693
001694
001696
001698
001699
001700
001701
001702
001703
001705
001706
001707
001708
001711
001712
001715
001717
001719
001720
001721
001722
001723
001724
001726
001727
001729
001730
001731
001732
001733
001734
001735
001736
001739
001741
001742
001743
001745
001746
001747
001748
001749
001750
001751
001752
001753
001754
001755
001757
001758
001759
001761
001763
001765
001767
001768
001769
001771
001772
001773
001774
001775
001776
001777
001778
001779
001780
001781
001782
001783
001784
001785
001786
001787
001788
001790
001791
001792
001793
001794
001795
001796
001797
001798
001799
001800
001801
001803
001804
001805
001806
001807
001808
001809
001811
001812
001813
001814
001815
001816
001818
001819
001820
001821
001822
001823
001824
001825
001826
001827
001829
001830
001831
001832
001833
001835
001837
001838
001840
001844
001846
001847
001848
001849
001850
001851
001852
001854
001855
001856
001857
001858
001859
001860
001861
001862
001863
001865
001866
001867
001869
001870
001871
001873
001874
001875
001876
001878
001879
001881
001883
001884
001885
001886
001887
001888
001889
001890
001891
001894
001895
001897
001898
001899
001900
001901
001902
001903
001907
001909
001910
001911
001913
001914
001915
001916
001917
001919
001920
001921
001922
001923
001924
001926
001927
001928
001929
001930
001931
001932
001933
001935
001936
001937
001938
001939
001940
001941
001942
001943
001944
001945
001947
001948
001949
001950
001953
001954
001955
001956
001958
001959
001960
001963
001964
001965
001967
001968
001969
001970
001973
001974
001975
001976
001977
001978
001979
001981
001982
001983
001984
001985
001986
001987
001990
001991
001992
001993
001994
001996
001997
001999
002000
002001
002002
002003
002004
002006
002007
002008
002009
002010
002012
002013
002014
002015
002017
002018
002019
002020
002022
002023
002024
002026
002027
002029
002030
002031
002032
002033
002034
002035
002036
002037
002039
002040
002041
002043
002045
002046
002047
002048
002052
002053
002055
002056
002058
002059
002060
002061
002062
002063
002065
002066
002067
002068
002069
002070
002071
002072
002073
002074
002075
002077
002078
002079
002080
002081
002082
002084
002085
002087
002088
002089
002090
002091
002092
002094
002095
002096
002098
002100
002101
002102
002104
002105
002106
002107
002108
002109
002110
002111
002112
002113
002114
002115
002116
002117
002118
002119
002120
002121
002122
002123
002124
002125
002127
002128
002129
002130
002131
002132
002133
002134
002135
002136
002137
002138
002139
002140
002141
002142
002143
002144
002145
002146
002147
002148
002149
002150
002151
002152
002153
002154
002155
002156
002157
002159
002160
002161
002162
002163
002164
002165
002167
002168
002169
002171
002172
002173
002174
002175
002176
002178
002179
002180
002181
002182
002183
002184
002185
002186
002187
002188
002189
002190
002191
002192
002194
002197
002198
002199
002200
002201
002202
002203
002204
002205
002206
002207
002208
002209
002211
002213
002214
002216
002219
002220
002221
002222
002224
002225
002226
002228
002229
002230
002231
002232
002233
002234
002235
002236
002237
002238
002239
002241
002242
002243
002244
002245
002246
002247
002248
002249
002250
002251
002252
002253
002254
002255
002256
002257
002258
002259
002260
002261
002262
002263
002267
002268
002270
002271
002273
002275
002276
002277
002278
002279
002280
002282
002283
002285
002286
002287
002288
002289
002291
002292
002293
002294
002295
002296
002297
002298
002299
002300
002302
002303
002305
002306
002307
002308
002309
002310
002311
002312
002313
002314
002316
002317
002318
002319
002321
002324
002325
002326
002327
002328
002329
002330
002331
002332
002333
002334
002335
002336
002337
002338
002340
002341
002342
002343
002344
002346
002349
002350
002351
002352
002353
002354
002355
002357
002359
002360
002362
002363
002365
002366
002367
002369
002371
002372
002375
002377
002378
002379
002380
002381
002382
002383
002386
002387
002388
002389
002390
002392
002393
002394
002395
002396
002397
002398
002399
002400
002401
002405
002406
002409
002410
002412
002413
002414
002415
002416
002417
002418
002421
002422
002423
002424
002425
002426
002427
002428
002429
002430
002431
002432
002433
002434
002435
002436
002437
002438
002439
002440
002441
002442
002443
002444
002445
002446
002447
002448
002449
002450
002451
002453
002454
002455
002456
002457
002458
002459
002460
002461
002463
002465
002466
002467
002469
002471
002473
002474
002475
002477
002478
002479
002480
002481
002482
002483
002485
002487
002488
002489
002491
002493
002494
002497
002500
002501
002502
002503
002504
002505
002506
002507
002508
002509
002511
002512
002513
002514
002515
002516
002517
002518
002519
002520
002522
002523
002525
002526
002527
002529
002530
002532
002533
002534
002535
002536
002538
002539
002541
002543
002544
002545
002548
002549
002550
002552
002553
002554
002555
002556
002557
002558
002559
002560
002561
002562
002564
002565
002566
002568
002569
002570
002574
002575
002576
002577
002578
002579
002580
002583
002584
002585
002586
002588
002589
002590
002591
002592
002593
002594
002596
002597
002598
002599
002600
002601
002602
002606
002607
002610
002611
002613
002616
002617
002618
002619
002620
002622
002623
002625
002626
002627
002628
002629
002631
002632
002633
002634
002635
002637
002639
002640
002643
002645
002646
002647
002648
002649
002650
002652
002653
002654
002655
002656
002658
002659
002660
002661
002662
002663
002664
002665
002666
002667
002668
002670
002671
002672
002673
002674
002675
002676
002677
002678
002679
002680
002681
002682
002684
002685
002687
002688
002689
002690
002691
002694
002695
002696
002697
002698
002699
002700
002701
002702
002704
002706
002707
002708
002709
002710
002711
002712
002713
002714
002716
002717
002718
002719
002721
002722
002723
002724
002725
002727
002728
002729
002730
002731
002732
002734
002735
002736
002739
002740
002741
002742
002743
002744
002745
002746
002747
002748
002749
002750
002751
002752
002754
002756
002757
002758
002759
002760
002762
002764
002765
002766
002767
002768
002769
002770
002771
002772
002773
002774
002775
002776
002777
002778
002779
002780
002782
002785
002786
002787
002788
002789
002790
002791
002792
002793
002794
002795
002796
002797
002798
002799
002800
002801
002802
002803
002804
002805
002806
002807
002808
002809
002814
002815
002816
002817
002819
002821
002822
002823
002824
002826
002829
002830
002831
002833
002834
002836
002837
002838
002839
002840
002841
002842
002843
002844
002845
002846
002847
002850
002851
002852
002853
002854
002857
002859
002860
002862
002863
002864
002865
002866
002867
002868
002870
002871
002872
002874
002877
002878
002879
002881
002883
002884
002886
002888
002889
002890
002891
002892
002893
002894
002896
002898
002899
002900
002901
002902
002904
002905
002906
002907
002908
002909
002910
002911
002912
002913
002914
002916
002917
002919
002920
002921
002922
002923
002924
002925
002926
002928
002930
002931
002933
002934
002936
002937
002939
002941
002944
002945
002947
002948
002950
002951
002953
002954
002955
002956
002957
002958
002959
002960
002961
002962
002963
002964
002965
002967
002968
002969
002970
002971
002972
002973
002974
002975
002976
002977
002978
002979
002980
002981
002983
002984
002985
002986
002987
002989
002990
002993
002994
002995
002996
002997
002998
003000
003001
003003
003004
003007
003009
003010
003012
003013
003014
003016
003017
003018
003019
003020
003022
003024
003025
003026
003027
003028
003030
003031
003032
003033
003035
003036
003038
003039
003040
003041
003043
003045
003046
003047
003049
003050
003051
003052
003053
003054
003057
003058
003059
003060
003062
003064
003065
003066
003067
003068
003069
003070
003071
003072
003073
003074
003075
003076
003077
003078
003080
003081
003082
003083
003084
003085
003088
003089
003090
003091
003092
003093
003094
003095
003097
003098
003100
003102
003103
003104
003105
003106
003107
003108
003109
003110
003111
003112
003115
003116
003117
003118
003119
003120
003122
003123
003125
003126
003127
003128
003129
003130
003131
003132
003134
003135
003136
003137
003138
003139
003140
003141
003143
003144
003145
003147
003148
003149
003150
003151
003152
003153
003154
003155
003156
003159
003160
003161
003162
003163
003164
003167
003168
003169
003170
003171
003172
003173
003174
003175
003176
003178
003179
003180
003181
003184
003186
003188
003189
003190
003191
003192
003195
003196
003197
003200
003201
003202
003203
003204
003205
003207
003209
003211
003212
003214
003215
003216
003218
003219
003220
003221
003222
003224
003225
003226
003227
003228
003229
003230
003232
003234
003237
003238
003239
003240
003241
003243
003244
003245
003246
003247
003248
003249
003250
003251
003253
003255
003256
003257
003259
003260
003261
003262
003263
003265
003266
003267
003268
003270
003271
003272
003273
003275
003276
003279
003280
003281
003282
003283
003284
003285
003286
003287
003288
003289
003290
003292
003293
003294
003295
003296
003297
003298
003299
003300
003301
003304
003305
003306
003307
003308
003309
003313
003315
003316
003317
003322
003323
003324
003325
003328
003329
003330
003331
003333
003334
003335
003336
003337
003338
003339
003340
003341
003342
003343
003344
003345
003346
003347
003348
003349
003350
003351
003353
003355
003356
003358
003359
003362
003363
003364
003365
003366
003367
003368
003370
003371
003372
003373
003375
003377
003378
003379
003380
003381
003382
003384
003386
003387
003388
003390
003391
003393
003396
003397
003398
003399
003400
003401
003402
003403
003404
003405
003407
003408
003409
003410
003411
003412
003415
003416
003417
003418
003419
003420
003421
003422
003423
003424
003428
003430
003431
003432
003434
003436
003438
003439
003440
003441
003442
003443
003444
003445
003446
003447
003448
003449
003450
003451
003452
003455
003456
003457
003458
003459
003460
003461
003462
003463
003464
003465
003466
003467
003468
003469
003470
003471
003472
003474
003475
003476
003477
003478
003479
003480
003481
003482
003483
003484
003485
003486
003487
003488
003489
003490
003491
003492
003493
003494
003495
003496
003497
003498
003500
003501
003502
003505
003506
003507
003509
003510
003512
003513
003514
003516
003517
003518
003519
003520
003521
003522
003523
003526
003527
003529
003530
003532
003533
003535
003536
003537
003538
003540
003541
003542
003543
003545
003546
003547
003548
003549
003550
003551
003553
003554
003555
003556
003557
003558
003559
003562
003563
003564
003566
003567
003568
003569
003571
003573
003574
003575
003576
003577
003578
003579
003580
003582
003583
003585
003586
003587
003589
003591
003592
003594
003595
003596
003597
003598
003599
003601
003602
003603
003604
003605
003606
003608
003609
003610
003612
003613
003614
003616
003619
003620
003621
003622
003624
003625
003626
003627
003628
003629
003630
003631
003632
003634
003635
003636
003637
003638
003639
003640
003641
003642
003643
003644
003645
003647
003649
003650
003652
003653
003654
003655
003656
003658
003659
003660
003661
003662
003664
003665
003666
003667
003668
003669
003670
003671
003672
003673
003674
003676
003677
003678
003679
003680
003681
003682
003683
003684
003685
003686
003687
003688
003691
003692
003693
003694
003695
003696
003697
003698
003699
003701
003704
003707
003708
003709
003710
003711
003712
003713
003714
003715
003717
003718
003720
003722
003723
003724
003725
003726
003727
003728
003729
003730
003732
003734
003735
003736
003737
003738
003739
003740
003741
003743
003745
003746
003747
003750
003751
003753
003754
003755
003759
003760
003761
003762
003763
003764
003765
003766
003768
003770
003771
003772
003773
003774
003777
003778
003779
003780
003781
003782
003784
003785
003786
003787
003789
003790
003791
003792
003793
003794
003795
003796
003797
003798
003803
003806
003808
003811
003812
003813
003814
003816
003817
003818
003819
003821
003822
003823
003824
003826
003827
003828
003830
003831
003833
003834
003835
003836
003837
003838
003839
003840
003841
003843
003844
003845
003846
003848
003849
003850
003851
003852
003853
003854
003855
003856
003858
003859
003860
003861
003862
003863
003864
003865
003866
003867
003868
003869
003870
003872
003873
003874
003876
003877
003878
003879
003880
003881
003882
003883
003884
003885
003887
003889
003890
003891
003892
003893
003894
003895
003896
003897
003899
003900
003901
003902
003903
003904
003905
003907
003909
003911
003912
003913
003914
003915
003916
003917
003919
003920
003921
003922
003923
003924
003925
003926
003927
003928
003929
003930
003931
003932
003933
003934
003935
003936
003937
003938
003939
003941
003944
003946
003947
003948
003949
003950
003951
003952
003953
003954
003955
003956
003957
003958
003959
003960
003961
003963
003964
003965
003966
003967
003968
003969
003970
003974
003975
003976
003977
003978
003980
003981
003982
003983
003985
003986
003987
003988
003990
003991
003992
003993
003995
003996
003999
004000
004001
004002
004003
004006
004007
004008
004009
004010
004011
004013
004014
004015
004017
004018
004019
004021
004022
004023
004024
004025
004026
004028
004029
004030
004031
004032
004033
004034
004036
004037
004038
004039
004040
004041
004042
004043
004044
004046
004047
004049
004050
004051
004052
004053
004055
004056
004057
004058
004059
004060
004061
004064
004069
004070
004071
004072
004073
004074
004075
004080
004081
004083
004085
004086
004088
004089
004090
004092
004093
004094
004095
004096
004097
004098
004099
004100
004101
004102
004103
004104
004105
004106
004107
004109
004110
004111
004112
004113
004114
004115
004116
004117
004119
004122
004124
004125
004126
004128
004129
004130
004131
004132
004134
004135
004136
004137
004139
004140
004141
004143
004145
004147
004148
004149
004150
004151
004153
004154
004155
004157
004158
004159
004160
004161
004163
004164
004165
004166
004168
004169
004170
004172
004173
004174
004175
004176
004177
004178
004179
004180
004182
004183
004184
004185
004187
004188
004189
004190
004192
004193
004194
004195
004196
004197
004198
004199
004201
004202
004203
004204
004205
004206
004207
004208
004209
004210
004211
004213
004215
004217
004218
004219
004220
004221
004223
004224
004225
004226
004227
004228
004229
004230
004231
004233
004234
004235
004236
004239
004241
004242
004243
004245
004247
004249
004250
004251
004252
004253
004254
004255
004256
004261
004262
004263
004264
004265
004266
004267
004269
004271
004272
004273
004274
004276
004277
004278
004280
004281
004282
004283
004284
004285
004286
004287
004289
004290
004291
004294
004296
004297
004298
004299
004300
004301
004302
004303
004304
004305
004306
004307
004308
004309
004310
004312
004314
004315
004316
004318
004320
004321
004322
004323
004324
004325
004326
004327
004329
004330
004331
004332
004333
004334
004335
004338
004339
004340
004342
004343
004344
004345
004346
004347
004348
004349
004351
004352
004353
004354
004355
004356
004357
004358
004359
004360
004362
004364
004365
004366
004367
004368
004369
004371
004372
004373
004374
004375
004377
004378
004379
004380
004381
004383
004385
004387
004388
004389
004390
004391
004393
004395
004396
004397
004398
004399
004401
004402
004403
004404
004405
004406
004407
004408
004409
004410
004411
004412
004414
004415
004416
004418
004419
004420
004422
004423
004425
004426
004427
004428
004429
004430
004431
004432
004433
004434
004435
004436
004437
004438
004439
004440
004441
004442
004443
004444
004448
004449
004450
004453
004455
004456
004457
004458
004459
004460
004461
004462
004463
004464
004465
004466
004467
004469
004471
004472
004473
004474
004475
004476
004477
004478
004479
004481
004482
004484
004485
004486
004487
004488
004489
004490
004493
004494
004495
004497
004498
004499
004500
004501
004503
004504
004506
004507
004508
004510
004511
004514
004516
004517
004519
004520
004521
004523
004524
004525
004528
004529
004530
004531
004532
004533
004534
004535
004536
004537
004540
004541
004542
004543
004544
004545
004546
004547
004548
004549
004550
004551
004552
004553
004554
004555
004556
004557
004558
004560
004561
004562
004563
004564
004565
004566
004567
004568
004569
004570
004571
004572
004573
004574
004575
004576
004577
004578
004579
004581
004585
004586
004587
004588
004590
004592
004593
004595
004596
004597
004598
004599
004600
004601
004602
004603
004604
004606
004607
004609
004610
004611
004612
004614
004615
004616
004617
004618
004620
004622
004623
004624
004625
004627
004629
004630
004631
004632
004633
004634
004635
004636
004637
004638
004639
004641
004642
004643
004644
004645
004646
004647
004648
004649
004651
004652
004653
004654
004655
004656
004657
004658
004659
004660
004662
004663
004664
004665
004667
004668
004669
004670
004671
004672
004673
004676
004677
004678
004679
004681
004682
004684
004685
004686
004687
004688
004689
004690
004691
004692
004694
004696
004697
004698
004700
004701
004702
004704
004705
004706
004707
004708
004709
004710
004712
004714
004715
004716
004717
004720
004721
004722
004723
004724
004726
004728
004730
004731
004732
004733
004735
004736
004737
004738
004739
004740
004741
004743
004744
004745
004748
004749
004751
004752
004753
004756
004757
004758
004759
004760
004761
004762
004763
004764
004765
004767
004768
004769
004770
004772
004773
004774
004775
004779
004780
004781
004782
004783
004784
004785
004786
004788
004789
004791
004792
004793
004795
004797
004798
004801
004802
004804
004805
004806
004807
004808
004809
004810
004812
004814
004815
004816
004817
004818
004819
004820
004822
004825
004826
004827
004828
004829
004831
004832
004836
004837
004838
004839
004840
004843
004844
004846
004847
004848
004849
004850
004851
004852
004853
004854
004856
004857
004858
004859
004860
004863
004864
004865
004868
004869
004871
004872
004874
004877
004878
004879
004880
004882
004883
004885
004886
004887
004888
004890
004891
004892
004893
004894
004895
004897
004898
004899
004900
004901
004902
004904
004907
004908
004909
004910
004911
004912
004913
004915
004916
004918
004919
004920
004921
004922
004925
004928
004929
004930
004931
004932
004933
004934
004936
004937
004938
004939
004940
004941
004945
004946
004947
004948
004949
004950
004951
004952
004953
004954
004955
004956
004957
004959
004960
004962
004963
004965
004966
004967
004969
004970
004972
004974
004975
004976
004977
004978
004980
004981
004982
004983
004984
004985
004986
004987
004988
004989
004990
004991
004992
004993
004995
004996
004997
004998
004999
005000
005002
005003
005004
005005
005007
005008
005010
005011
005012
005014
005015
005016
005017
005018
005020
005021
005022
005023
005027
005028
005029
005030
005031
005032
005033
005035
005036
005037
005038
005040
005041
005042
005043
005044
005045
005046
005047
005048
005049
005050
005051
005052
005053
005055
005056
005058
005059
005060
005062
005064
005065
005068
005069
005070
005071
005073
005074
005075
005076
005077
005079
005080
005081
005083
005084
005085
005086
005087
005089
005090
005091
005092
005093
005094
005095
005096
005097
005098
005099
005100
005101
005102
005103
005104
005105
005107
005108
005109
005110
005111
005113
005116
005117
005119
005120
005121
005122
005123
005124
005125
005126
005128
005129
005130
005131
005132
005133
005134
005135
005136
005137
005138
005139
005140
005141
005142
005143
005144
005145
005147
005148
005149
005150
005151
005152
005153
005154
005155
005156
005157
005158
005159
005160
005161
005162
005163
005164
005165
005166
005167
005168
005169
005170
005171
005172
005173
005175
005176
005178
005179
005181
005182
005183
005184
005185
005186
005187
005190
005191
005192
005193
005194
005195
005197
005198
005199
005201
005202
005205
005206
005207
005208
005209
005211
005212
005213
005214
005215
005216
005218
005220
005221
005222
005223
005224
005225
005226
005227
005228
005229
005230
005231
005232
005233
005234
005236
005237
005238
005239
005241
005242
005245
005246
005247
005248
005249
005251
005252
005253
005254
005255
005256
005258
005259
005260
005261
005262
005263
005264
005266
005267
005269
005270
005271
005274
005275
005276
005277
005278
005279
005280
005282
005283
005285
005286
005287
005288
005289
005290
005291
005292
005293
005294
005295
005296
005298
005299
005301
005302
005304
005305
005307
005308
005309
005310
005313
005314
005315
005316
005318
005320
005321
005322
005324
005325
005326
005327
005328
005329
005330
005331
005333
005334
005336
005337
005338
005339
005340
005342
005345
005346
005348
005349
005352
005353
005354
005355
005356
005358
005359
005360
005361
005363
005365
005366
005367
005368
005369
005370
005371
005372
005373
005374
005375
005376
005377
005379
005380
005382
005383
005384
005385
005387
005388
005389
005390
005391
005392
005393
005395
005396
005397
005398
005399
005400
005401
005402
005403
005404
005405
005406
005407
005408
005410
005411
005413
005414
005415
005416
005417
005419
005420
005421
005422
005423
005424
005425
005426
005427
005429
005430
005433
005434
005436
005437
005439
005440
005441
005442
005443
005444
005445
005446
005447
005448
005449
005451
005452
005453
005454
005455
005456
005457
005458
005459
005460
005461
005462
005463
005464
005466
005467
005468
005469
005470
005471
005472
005474
005476
005477
005478
005479
005480
005481
005483
005484
005485
005486
005487
005489
005490
005491
005492
005493
005494
005495
005496
005497
005498
005499
005500
005502
005503
005504
005505
005506
005507
005510
005511
005515
005516
005517
005520
005521
005523
005526
005527
005528
005529
005530
005531
005532
005533
005534
005535
005536
005537
005538
005539
005540
005541
005542
005544
005545
005546
005547
005548
005549
005554
005555
005556
005557
005558
005559
005560
005561
005562
005564
005565
005566
005568
005569
005570
005571
005573
005574
005575
005576
005577
005578
005580
005582
005583
005584
005586
005587
005588
005589
005590
005591
005592
005593
005594
005595
005596
005597
005598
005599
005600
005601
005602
005603
005604
005605
005607
005608
005609
005611
005612
005613
005615
005616
005617
005618
005619
005620
005621
005622
005623
005624
005625
005626
005627
005630
005631
005632
005633
005634
005638
005639
005640
005641
005642
005643
005645
005647
005648
005649
005650
005651
005653
005654
005655
005656
005658
005659
005660
005661
005662
005663
005664
005665
005666
005667
005668
005670
005672
005673
005674
005675
005676
005677
005678
005680
005681
005682
005683
005685
005687
005688
005689
005690
005691
005692
005693
005694
005695
005696
005697
005698
005700
005702
005704
005705
005707
005708
005709
005710
005711
005712
005713
005714
005715
005716
005717
005719
005721
005723
005724
005725
005726
005729
005731
005732
005735
005736
005737
005739
005740
005743
005744
005745
005746
005747
005748
005749
005750
005751
005752
005753
005755
005756
005757
005758
005759
005760
005761
005762
005763
005764
005766
005767
005768
005770
005771
005772
005773
005775
005776
005777
005778
005779
005781
005782
005783
005786
005787
005788
005790
005791
005792
005793
005794
005795
005796
005797
005798
005799
005800
005802
005803
005804
005805
005806
005807
005808
005809
005810
005811
005812
005813
005814
005816
005817
005818
005819
005820
005821
005822
005824
005825
005826
005827
005828
005829
005830
005831
005832
005833
005834
005836
005837
005838
005839
005840
005841
005842
005843
005844
005845
005846
005847
005848
005850
005851
005852
005853
005855
005857
005858
005860
005861
005863
005865
005866
005867
005868
005869
005870
005871
005872
005873
005874
005875
005876
005877
005879
005881
005882
005883
005885
005887
005888
005890
005891
005892
005894
005895
005896
005897
005898
005899
005900
005901
005902
005903
005904
005905
005906
005907
005908
005909
005910
005911
005912
005914
005915
005918
005919
005921
005922
005923
005924
005925
005926
005928
005929
005930
005931
005932
005933
005935
005936
005939
005941
005943
005944
005945
005946
005947
005948
005950
005951
005952
005953
005954
005955
005957
005958
005959
005961
005962
005965
005966
005967
005968
005970
005971
005972
005974
005975
005977
005979
005980
005982
005983
005984
005985
005986
005987
005988
005989
005990
005992
005993
005995
005996
005997
005998
005999
006000
006001
006003
006004
006006
006008
006009
006010
006013
006014
006015
006018
006019
006020
006021
006022
006023
006024
006027
006028
006029
006030
006031
006033
006034
006037
006038
006039
006040
006041
006042
006044
006045
006046
006047
006048
006049
006050
006051
006052
006053
006054
006056
006057
006058
006059
006060
006061
006063
006064
006066
006067
006068
006069
006072
006073
006074
006075
006076
006077
006078
006079
006080
006081
006082
006083
006086
006087
006089
006092
006093
006094
006095
006096
006098
006099
006100
006101
006102
006103
006105
006107
006108
006109
006110
006111
006112
006113
006114
006115
006116
006117
006118
006119
006121
006122
006123
006125
006126
006128
006129
006131
006132
006133
006135
006136
006137
006138
006139
006140
006141
006142
006143
006144
006145
006146
006147
006148
006151
006152
006154
006155
006156
006159
006161
006162
006163
006164
006165
006167
006168
006169
006170
006171
006174
006175
006176
006177
006178
006179
006180
006181
006182
006184
006185
006187
006188
006189
006190
006191
006192
006195
006198
006199
006201
006202
006203
006204
006205
006206
006207
006208
006211
006212
006213
006215
006216
006217
006218
006219
006220
006222
006223
006224
006225
006226
006227
006229
006230
006232
006234
006235
006236
006237
006238
006239
006240
006241
006242
006243
006244
006245
006249
006250
006251
006252
006253
006254
006255
006257
006258
006260
006261
006262
006263
006265
006267
006268
006269
006270
006271
006272
006273
006274
006275
006276
006277
006278
006279
006280
006281
006282
006283
006284
006285
006286
006287
006288
006289
006290
006291
006292
006294
006295
006296
006297
006298
006299
006301
006302
006303
006304
006306
006307
006308
006309
006310
006311
006312
006313
006314
006315
006316
006317
006320
006322
006323
006324
006325
006327
006329
006330
006335
006336
006337
006338
006339
006340
006341
006342
006344
006345
006348
006349
006352
006353
006354
006355
006356
006357
006358
006359
006360
006361
006362
006363
006364
006365
006366
006367
006368
006369
006370
006371
006372
006373
006375
006376
006377
006378
006379
006380
006381
006382
006384
006385
006386
006390
006391
006394
006395
006396
006397
006398
006399
006400
006401
006402
006403
006404
006405
006407
006408
006409
006411
006412
006414
006415
006416
006417
006418
006419
006420
006421
006422
006423
006424
006428
006429
006430
006431
006433
006434
006437
006440
006441
006442
006443
006445
006447
006448
006449
006450
006451
006452
006453
006454
006455
006456
006457
006458
006459
006461
006462
006463
006464
006465
006467
006468
006469
006470
006471
006473
006474
006475
006476
006477
006478
006479
006482
006483
006484
006485
006486
006488
006489
006490
006491
006492
006493
006494
006495
006496
006497
006498
006499
006500
006501
006502
006504
006505
006506
006507
006508
006509
006510
006511
006512
006513
006515
006516
006519
006520
006522
006523
006525
006526
006527
006529
006530
006531
006532
006533
006534
006535
006536
006537
006538
006540
006542
006543
006544
006545
006546
006547
006549
006550
006551
006552
006553
006554
006555
006556
006558
006559
006560
006561
006562
006564
006565
006566
006567
006568
006569
006571
006572
006573
006574
006575
006577
006578
006579
006580
006581
006582
006584
006585
006586
006587
006589
006590
006591
006592
006593
006595
006596
006598
006599
006600
006602
006603
006604
006605
006607
006609
006610
006611
006612
006614
006616
006617
006618
006619
006620
006621
006622
006623
006624
006625
006626
006627
006628
006630
006631
006632
006633
006634
006635
006636
006637
006638
006640
006641
006642
006643
006644
006645
006646
006647
006648
006649
006651
006652
006653
006655
006656
006657
006658
006660
006661
006664
006665
006666
006668
006669
006670
006671
006673
006674
006675
006676
006677
006678
006679
006681
006682
006683
006684
006685
006686
006687
006688
006689
006691
006694
006695
006697
006699
006701
006702
006703
006704
006705
006706
006707
006709
006710
006712
006713
006714
006715
006716
006717
006718
006719
006720
006721
006722
006723
006725
006726
006727
006731
006732
006733
006734
006736
006737
006738
006739
006740
006741
006742
006743
006744
006745
006746
006748
006750
006751
006752
006755
006756
006757
006758
006759
006760
006761
006762
006763
006764
006765
006766
006767
006768
006769
006770
006771
006772
006773
006774
006775
006776
006778
006779
006780
006781
006782
006783
006785
006786
006787
006788
006789
006790
006791
006792
006793
006795
006800
006802
006804
006805
006806
006807
006808
006809
006811
006812
006813
006814
006815
006816
006818
006819
006820
006821
006822
006823
006824
006825
006826
006828
006829
006830
006831
006832
006833
006834
006835
006836
006837
006838
006839
006840
006841
006842
006843
006844
006845
006847
006848
006849
006850
006851
006852
006853
006855
006856
006857
006858
006859
006860
006861
006863
006864
006865
006867
006868
006869
006870
006871
006872
006874
006875
006876
006878
006879
006881
006882
006884
006885
006887
006888
006889
006890
006891
006892
006893
006894
006895
006896
006897
006899
006900
006901
006902
006903
006904
006905
006907
006909
006910
006912
006913
006914
006915
006916
006918
006919
006920
006921
006922
006923
006924
006925
006926
006927
006928
006929
006930
006931
006932
006935
006937
006938
006939
006940
006941
006943
006944
006945
006946
006947
006948
006949
006950
006951
006952
006953
006955
006956
006957
006958
006959
006960
006961
006962
006964
006966
006968
006969
006970
006971
006972
006973
006974
006975
006976
006977
006978
006979
006980
006983
006984
006985
006986
006987
006988
006989
006990
006991
006992
006994
006995
006996
006997
006999
007001
007002
007003
007004
007005
007006
007007
007008
007009
007011
007012
007013
007014
007015
007016
007017
007018
007019
007020
007021
007022
007023
007025
007026
007028
007029
007030
007031
007032
007033
007034
007035
007038
007039
007040
007042
007043
007044
007045
007047
007049
007050
007051
007053
007054
007055
007056
007057
007058
007059
007060
007062
007063
007064
007065
007066
007067
007068
007069
007070
007071
007072
007074
007075
007076
007077
007078
007079
007081
007082
007083
007084
007085
007086
007087
007089
007090
007091
007092
007094
007095
007096
007098
007099
007100
007101
007102
007103
007104
007105
007106
007107
007108
007109
007111
007112
007114
007115
007116
007117
007118
007120
007121
007122
007123
007124
007125
007127
007128
007129
007130
007131
007132
007133
007134
007135
007136
007137
007139
007140
007142
007144
007147
007148
007151
007152
007153
007154
007155
007156
007158
007160
007162
007163
007164
007165
007166
007167
007168
007169
007170
007171
007172
007173
007174
007175
007177
007178
007179
007180
007181
007182
007183
007184
007186
007188
007189
007190
007191
007193
007194
007195
007196
007199
007201
007202
007203
007204
007205
007208
007210
007211
007213
007214
007215
007216
007217
007219
007220
007221
007222
007223
007224
007225
007226
007228
007229
007230
007232
007233
007234
007235
007236
007237
007238
007239
007241
007243
007244
007247
007248
007250
007252
007253
007254
007255
007256
007257
007258
007259
007260
007261
007264
007266
007267
007268
007270
007271
007272
007273
007275
007276
007277
007278
007279
007280
007282
007283
007285
007289
007290
007291
007292
007294
007295
007296
007298
007300
007301
007302
007303
007305
007306
007307
007308
007309
007310
007311
007312
007313
007315
007316
007317
007318
007319
007320
007321
007322
007323
007324
007325
007326
007327
007329
007330
007332
007333
007334
007335
007336
007337
007338
007339
007341
007342
007343
007344
007346
007348
007350
007353
007356
007357
007358
007359
007360
007365
007366
007367
007368
007369
007370
007371
007374
007375
007377
007378
007379
007380
007381
007382
007383
007384
007385
007386
007387
007389
007390
007391
007393
007394
007395
007397
007398
007399
007400
007402
007403
007404
007405
007410
007411
007412
007413
007414
007415
007416
007418
007419
007421
007422
007423
007425
007426
007427
007428
007430
007431
007432
007433
007435
007436
007437
007438
007439
007440
007443
007445
007448
007453
007454
007455
007456
007457
007458
007459
007460
007461
007463
007464
007465
007466
007467
007468
007469
007470
007471
007472
007473
007474
007476
007477
007478
007479
007480