0.0000 0.0000 0.0000 0.0000 0.0000 0.0000 0.0000 1.0000
1.0000 0.3561 0.0195 -0.0001 0.0001 -0.0004 -0.0003 1.0000
2.0000 0.7522 0.0162 -0.0081 0.0002 -0.0007 -0.0010 1.0000
3.0000 1.1852 0.0156 -0.0108 -0.0002 -0.0010 -0.0024 1.0000
4.0000 1.5598 0.0106 -0.0103 -0.0002 -0.0013 -0.0033 1.0000
5.0000 1.9343 0.0181 -0.0101 -0.0007 -0.0017 -0.0042 1.0000
6.0000 2.3546 0.0088 -0.0094 -0.0007 -0.0020 -0.0052 1.0000
7.0000 2.7824 0.0020 -0.0160 -0.0010 -0.0025 -0.0062 1.0000
8.0000 3.2140 -0.0075 -0.0240 -0.0016 -0.0029 -0.0073 1.0000
9.0000 3.6315 -0.0141 -0.0296 -0.0024 -0.0032 -0.0086 1.0000
10.0000 4.0632 -0.0214 -0.0346 -0.0025 -0.0035 -0.0103 0.9999
11.0000 4.4983 -0.0177 -0.0340 -0.0029 -0.0040 -0.0120 0.9999
12.0000 4.9456 -0.0275 -0.0394 -0.0031 -0.0045 -0.0140 0.9999
13.0000 5.3922 -0.0531 -0.0444 -0.0035 -0.0047 -0.0159 0.9999
14.0000 5.8421 -0.0797 -0.0481 -0.0041 -0.0049 -0.0181 0.9998
15.0000 6.2750 -0.0914 -0.0367 -0.0040 -0.0053 -0.0203 0.9998
16.0000 6.7152 -0.1109 -0.0437 -0.0045 -0.0055 -0.0225 0.9997
17.0000 7.1693 -0.1275 -0.0448 -0.0045 -0.0057 -0.0249 0.9997
18.0000 7.6392 -0.1642 -0.0489 -0.0046 -0.0058 -0.0276 0.9996
19.0000 8.1052 -0.1892 -0.0528 -0.0051 -0.0057 -0.0305 0.9995
20.0000 8.5752 -0.2086 -0.0574 -0.0053 -0.0058 -0.0332 0.9994
21.0000 9.0619 -0.2522 -0.0451 -0.0055 -0.0057 -0.0361 0.9993
22.0000 9.5352 -0.2994 -0.0385 -0.0051 -0.0053 -0.0390 0.9992
23.0000 10.0007 -0.3365 -0.0238 -0.0046 -0.0054 -0.0417 0.9991
24.0000 10.4679 -0.3730 -0.0155 -0.0047 -0.0053 -0.0444 0.9990
25.0000 10.9552 -0.4257 -0.0172 -0.0051 -0.0055 -0.0471 0.9989
26.0000 11.4239 -0.4773 -0.0154 -0.0055 -0.0055 -0.0500 0.9987
27.0000 11.8986 -0.5433 -0.0163 -0.0052 -0.0055 -0.0530 0.9986
28.0000 12.3951 -0.6143 -0.0261 -0.0054 -0.0056 -0.0560 0.9984
29.0000 12.8945 -0.6678 -0.0133 -0.0056 -0.0058 -0.0591 0.9982
30.0000 13.3894 -0.7265 -0.0192 -0.0055 -0.0060 -0.0622 0.9980
31.0000 13.8621 -0.7938 -0.0063 -0.0051 -0.0060 -0.0645 0.9979
32.0000 14.3563 -0.8552 -0.0025 -0.0045 -0.0058 -0.0676 0.9977
33.0000 14.8538 -0.9244 0.0242 -0.0043 -0.0056 -0.0705 0.9975
34.0000 15.3605 -0.9823 0.0404 -0.0040 -0.0054 -0.0734 0.9973
35.0000 15.8809 -1.0879 0.0312 -0.0035 -0.0052 -0.0766 0.9970
36.0000 16.3874 -1.1682 0.0271 -0.0038 -0.0049 -0.0796 0.9968
37.0000 16.8685 -1.2354 0.0430 -0.0034 -0.0048 -0.0823 0.9966
38.0000 17.3485 -1.3281 0.0383 -0.0038 -0.0048 -0.0853 0.9963
39.0000 17.8328 -1.4253 0.0338 -0.0039 -0.0051 -0.0881 0.9961
40.0000 18.3216 -1.5044 0.0534 -0.0033 -0.0049 -0.0911 0.9958
41.0000 18.8390 -1.6194 0.0510 -0.0035 -0.0052 -0.0940 0.9956
42.0000 19.3334 -1.7268 0.0541 -0.0034 -0.0053 -0.0970 0.9953
43.0000 19.8240 -1.8197 0.0753 -0.0025 -0.0052 -0.0998 0.9950
44.0000 20.3063 -1.9224 0.0979 -0.0019 -0.0055 -0.1028 0.9947
45.0000 20.7869 -2.0202 0.0827 -0.0030 -0.0053 -0.1058 0.9944
46.0000 21.3099 -2.1236 0.1044 -0.0021 -0.0056 -0.1083 0.9941
47.0000 21.7960 -2.2509 0.1107 -0.0022 -0.0055 -0.1115 0.9937
48.0000 22.2574 -2.3733 0.1209 -0.0015 -0.0057 -0.1144 0.9934
49.0000 22.7519 -2.4966 0.1161 -0.0014 -0.0061 -0.1169 0.9931
50.0000 23.2415 -2.6096 0.1494 -0.0010 -0.0059 -0.1201 0.9927
51.0000 23.7523 -2.7487 0.1549 -0.0003 -0.0060 -0.1235 0.9923
52.0000 24.2236 -2.8807 0.1437 -0.0009 -0.0063 -0.1261 0.9920
53.0000 24.7141 -3.0138 0.1569 -0.0004 -0.0068 -0.1290 0.9916
54.0000 25.1921 -3.1371 0.1821 0.0008 -0.0068 -0.1320 0.9912
55.0000 25.6662 -3.2539 0.1941 0.0004 -0.0066 -0.1348 0.9908
56.0000 26.1252 -3.4009 0.1996 0.0006 -0.0069 -0.1373 0.9905
57.0000 26.6248 -3.5497 0.1920 0.0005 -0.0069 -0.1402 0.9901
58.0000 27.0760 -3.6963 0.1920 0.0006 -0.0074 -0.1426 0.9898
59.0000 27.5570 -3.8525 0.2154 0.0011 -0.0076 -0.1448 0.9894
60.0000 28.0378 -4.0031 0.2071 0.0006 -0.0081 -0.1474 0.9890
61.0000 28.5065 -4.1382 0.2188 0.0014 -0.0084 -0.1498 0.9887
62.0000 29.0066 -4.3078 0.2213 0.0011 -0.0084 -0.1521 0.9883
63.0000 29.4830 -4.4630 0.2332 0.0019 -0.0086 -0.1544 0.9880
64.0000 29.9516 -4.6159 0.2407 0.0014 -0.0089 -0.1570 0.9876
65.0000 30.4266 -4.7774 0.2400 0.0014 -0.0091 -0.1595 0.9872
66.0000 30.9035 -4.9414 0.2462 0.0010 -0.0093 -0.1621 0.9867
67.0000 31.3790 -5.1179 0.2639 0.0016 -0.0099 -0.1645 0.9863
68.0000 31.8432 -5.2997 0.2734 0.0019 -0.0100 -0.1669 0.9859
69.0000 32.3203 -5.4577 0.2664 0.0016 -0.0100 -0.1697 0.9854
70.0000 32.8015 -5.6405 0.2875 0.0018 -0.0101 -0.1726 0.9849
71.0000 33.2907 -5.8101 0.2946 0.0019 -0.0102 -0.1754 0.9844
72.0000 33.7714 -5.9813 0.2982 0.0014 -0.0100 -0.1782 0.9839
73.0000 34.2526 -6.1665 0.3203 0.0016 -0.0098 -0.1811 0.9834
74.0000 34.7325 -6.3602 0.3211 0.0012 -0.0098 -0.1836 0.9829
75.0000 35.2176 -6.5588 0.3361 0.0010 -0.0100 -0.1863 0.9824
76.0000 35.7024 -6.7463 0.3286 0.0006 -0.0101 -0.1890 0.9819
77.0000 36.2005 -6.9354 0.3526 0.0009 -0.0101 -0.1917 0.9814
78.0000 36.6398 -7.1396 0.3818 0.0011 -0.0094 -0.1944 0.9809
79.0000 37.1200 -7.3430 0.4025 0.0009 -0.0092 -0.1970 0.9804
80.0000 37.5957 -7.5241 0.4092 0.0006 -0.0093 -0.1997 0.9798
81.0000 38.0426 -7.7372 0.4012 0.0000 -0.0094 -0.2017 0.9794
82.0000 38.5125 -7.9450 0.4280 0.0007 -0.0094 -0.2039 0.9789
83.0000 38.9921 -8.1492 0.4358 0.0005 -0.0093 -0.2067 0.9784
84.0000 39.4711 -8.3567 0.4394 0.0010 -0.0094 -0.2095 0.9778
85.0000 39.9336 -8.5876 0.4285 0.0006 -0.0095 -0.2122 0.9772
86.0000 40.4009 -8.7970 0.4481 0.0013 -0.0094 -0.2144 0.9767
87.0000 40.8640 -9.0198 0.4746 0.0017 -0.0090 -0.2167 0.9762
88.0000 41.3229 -9.2283 0.4969 0.0022 -0.0085 -0.2188 0.9757
89.0000 41.7723 -9.4566 0.5021 0.0022 -0.0084 -0.2206 0.9753
90.0000 42.2602 -9.6582 0.5040 0.0026 -0.0086 -0.2222 0.9750
91.0000 42.7080 -9.8868 0.5021 0.0025 -0.0085 -0.2232 0.9747
92.0000 43.1856 -10.1179 0.5266 0.0035 -0.0083 -0.2243 0.9745
93.0000 43.6520 -10.3495 0.5457 0.0039 -0.0081 -0.2251 0.9743
94.0000 44.1123 -10.5842 0.5540 0.0038 -0.0087 -0.2252 0.9743
95.0000 44.5692 -10.8075 0.5594 0.0041 -0.0092 -0.2258 0.9741
96.0000 45.0346 -11.0335 0.5579 0.0051 -0.0098 -0.2259 0.9741
97.0000 45.4736 -11.2432 0.5732 0.0051 -0.0093 -0.2261 0.9740
98.0000 45.9536 -11.4907 0.5668 0.0038 -0.0080 -0.2254 0.9742
99.0000 46.4495 -11.7249 0.5603 -0.0001 -0.0044 -0.2252 0.9743
100.0000 46.9190 -11.9439 0.5749 -0.0023 -0.0033 -0.2247 0.9744
101.0000 47.3990 -12.1467 0.5839 -0.0028 -0.0043 -0.2239 0.9746
102.0000 47.8372 -12.3711 0.5920 -0.0033 -0.0060 -0.2227 0.9749
103.0000 48.3128 -12.5834 0.6065 -0.0043 -0.0090 -0.2222 0.9750
104.0000 48.7678 -12.8166 0.5823 -0.0048 -0.0124 -0.2216 0.9750
105.0000 49.2260 -13.0455 0.5896 -0.0067 -0.0138 -0.2214 0.9751
106.0000 49.6845 -13.2694 0.6196 -0.0080 -0.0141 -0.2209 0.9752
107.0000 50.1375 -13.4919 0.6327 -0.0081 -0.0145 -0.2198 0.9754
108.0000 50.6381 -13.7235 0.6519 -0.0087 -0.0144 -0.2193 0.9755
109.0000 51.1024 -13.9606 0.6506 -0.0085 -0.0144 -0.2180 0.9758
110.0000 51.5635 -14.1887 0.6691 -0.0090 -0.0146 -0.2172 0.9760
111.0000 52.0291 -14.4011 0.6830 -0.0090 -0.0149 -0.2161 0.9762
112.0000 52.5194 -14.6183 0.7226 -0.0087 -0.0147 -0.2155 0.9764
113.0000 53.0017 -14.8331 0.7393 -0.0085 -0.0149 -0.2145 0.9766
114.0000 53.4829 -15.0621 0.7463 -0.0091 -0.0152 -0.2136 0.9768
115.0000 53.9669 -15.2894 0.7594 -0.0101 -0.0154 -0.2126 0.9770
116.0000 54.4382 -15.5060 0.7800 -0.0118 -0.0154 -0.2115 0.9772
117.0000 54.9280 -15.7104 0.8026 -0.0123 -0.0156 -0.2103 0.9774
118.0000 55.3976 -15.9353 0.8300 -0.0136 -0.0155 -0.2090 0.9777
119.0000 55.8942 -16.1433 0.8490 -0.0157 -0.0156 -0.2080 0.9779
120.0000 56.4093 -16.3615 0.8612 -0.0165 -0.0157 -0.2069 0.9781
121.0000 56.8978 -16.5703 0.8794 -0.0178 -0.0158 -0.2057 0.9783
122.0000 57.3829 -16.7795 0.8951 -0.0194 -0.0157 -0.2043 0.9786
123.0000 57.8754 -16.9806 0.9231 -0.0201 -0.0159 -0.2031 0.9788
124.0000 58.3786 -17.1814 0.9523 -0.0208 -0.0157 -0.2020 0.9790
125.0000 58.8698 -17.4009 0.9614 -0.0224 -0.0159 -0.2005 0.9793
126.0000 59.3792 -17.5944 1.0043 -0.0226 -0.0156 -0.1993 0.9795
127.0000 59.8912 -17.8140 1.0096 -0.0243 -0.0155 -0.1978 0.9798
128.0000 60.3841 -18.0128 1.0407 -0.0253 -0.0153 -0.1965 0.9800
129.0000 60.8834 -18.2265 1.0603 -0.0264 -0.0151 -0.1950 0.9803
130.0000 61.4083 -18.4325 1.0856 -0.0268 -0.0149 -0.1934 0.9806
131.0000 61.9148 -18.6344 1.0894 -0.0294 -0.0142 -0.1918 0.9809
132.0000 62.4278 -18.8429 1.1191 -0.0288 -0.0146 -0.1898 0.9813
133.0000 62.9284 -19.0242 1.1569 -0.0300 -0.0145 -0.1880 0.9816
134.0000 63.4456 -19.2306 1.1708 -0.0304 -0.0144 -0.1864 0.9819
135.0000 63.9597 -19.4235 1.1955 -0.0311 -0.0145 -0.1841 0.9823
136.0000 64.4835 -19.6276 1.2175 -0.0318 -0.0143 -0.1824 0.9826
137.0000 65.0022 -19.8132 1.2362 -0.0321 -0.0143 -0.1803 0.9830
138.0000 65.5125 -20.0122 1.2617 -0.0324 -0.0144 -0.1779 0.9834
139.0000 66.0450 -20.1899 1.2860 -0.0331 -0.0139 -0.1756 0.9838
140.0000 66.5633 -20.3778 1.3080 -0.0330 -0.0139 -0.1732 0.9842
141.0000 67.0822 -20.5657 1.3187 -0.0337 -0.0138 -0.1705 0.9847
142.0000 67.6075 -20.7503 1.3417 -0.0347 -0.0136 -0.1676 0.9852
143.0000 68.1379 -20.9172 1.3606 -0.0353 -0.0135 -0.1650 0.9856
144.0000 68.6709 -21.0983 1.3857 -0.0361 -0.0137 -0.1624 0.9860
145.0000 69.1693 -21.2522 1.4075 -0.0366 -0.0137 -0.1599 0.9864
146.0000 69.7038 -21.4303 1.4246 -0.0375 -0.0137 -0.1571 0.9868
147.0000 70.2198 -21.5906 1.4491 -0.0373 -0.0139 -0.1542 0.9872
148.0000 70.7589 -21.7578 1.4716 -0.0374 -0.0142 -0.1513 0.9877
149.0000 71.2718 -21.9071 1.5078 -0.0376 -0.0142 -0.1479 0.9882
150.0000 71.8213 -22.0569 1.5222 -0.0384 -0.0139 -0.1447 0.9886
151.0000 72.3476 -22.2033 1.5484 -0.0385 -0.0137 -0.1413 0.9891
152.0000 72.8888 -22.3604 1.5754 -0.0385 -0.0134 -0.1382 0.9896
153.0000 73.4141 -22.5197 1.5849 -0.0393 -0.0135 -0.1346 0.9900
154.0000 73.9515 -22.6413 1.6134 -0.0395 -0.0133 -0.1317 0.9904
155.0000 74.4588 -22.7682 1.6344 -0.0397 -0.0134 -0.1279 0.9909
156.0000 74.9836 -22.8955 1.6675 -0.0396 -0.0131 -0.1246 0.9913
157.0000 75.5393 -23.0193 1.6794 -0.0399 -0.0133 -0.1211 0.9917
158.0000 76.0756 -23.1481 1.7154 -0.0396 -0.0131 -0.1177 0.9922
159.0000 76.5754 -23.2610 1.7317 -0.0392 -0.0134 -0.1140 0.9926
160.0000 77.1357 -23.3709 1.7589 -0.0391 -0.0133 -0.1107 0.9930
161.0000 77.6526 -23.4730 1.7804 -0.0391 -0.0134 -0.1074 0.9934
162.0000 78.1741 -23.5998 1.7888 -0.0400 -0.0133 -0.1041 0.9937
163.0000 78.7013 -23.7013 1.8112 -0.0402 -0.0135 -0.1011 0.9940
164.0000 79.2430 -23.7908 1.8302 -0.0405 -0.0138 -0.0987 0.9942
165.0000 79.7730 -23.8962 1.8546 -0.0411 -0.0142 -0.0962 0.9944
166.0000 80.3180 -24.0023 1.8649 -0.0410 -0.0148 -0.0934 0.9947
167.0000 80.8286 -24.0792 1.8887 -0.0410 -0.0148 -0.0909 0.9949
168.0000 81.3662 -24.1699 1.9309 -0.0412 -0.0146 -0.0879 0.9952
169.0000 81.9023 -24.2604 1.9588 -0.0414 -0.0143 -0.0858 0.9954
170.0000 82.4359 -24.3356 2.0073 -0.0403 -0.0139 -0.0834 0.9956
171.0000 82.9460 -24.4211 2.0152 -0.0404 -0.0141 -0.0812 0.9958
172.0000 83.4539 -24.4992 2.0399 -0.0409 -0.0141 -0.0789 0.9959
173.0000 83.9926 -24.5849 2.0582 -0.0415 -0.0142 -0.0770 0.9961
174.0000 84.4986 -24.6530 2.0853 -0.0420 -0.0140 -0.0752 0.9962
175.0000 85.0093 -24.7326 2.1174 -0.0421 -0.0141 -0.0739 0.9963
176.0000 85.5056 -24.7994 2.1172 -0.0419 -0.0141 -0.0720 0.9964
177.0000 86.0230 -24.8698 2.1501 -0.0415 -0.0142 -0.0701 0.9966
178.0000 86.5358 -24.9368 2.1664 -0.0418 -0.0143 -0.0687 0.9967
179.0000 87.0293 -24.9989 2.1891 -0.0416 -0.0144 -0.0673 0.9968
180.0000 87.5303 -25.0611 2.2014 -0.0406 -0.0147 -0.0660 0.9969
181.0000 88.0317 -25.1364 2.2204 -0.0406 -0.0148 -0.0644 0.9970
182.0000 88.5301 -25.1890 2.2303 -0.0406 -0.0153 -0.0629 0.9971
183.0000 89.0256 -25.2396 2.2588 -0.0400 -0.0157 -0.0615 0.9972
184.0000 89.5215 -25.3064 2.2757 -0.0403 -0.0160 -0.0601 0.9972
185.0000 89.9945 -25.3548 2.2965 -0.0405 -0.0161 -0.0588 0.9973
186.0000 90.4658 -25.4098 2.3341 -0.0401 -0.0161 -0.0579 0.9974
187.0000 90.9707 -25.4536 2.3409 -0.0413 -0.0157 -0.0570 0.9974
188.0000 91.4541 -25.5082 2.3664 -0.0416 -0.0154 -0.0562 0.9974
189.0000 91.9321 -25.5653 2.3771 -0.0418 -0.0152 -0.0551 0.9975
190.0000 92.4083 -25.6261 2.4018 -0.0418 -0.0148 -0.0545 0.9975
191.0000 92.8810 -25.6695 2.4133 -0.0412 -0.0150 -0.0536 0.9976
192.0000 93.3381 -25.7116 2.4354 -0.0412 -0.0151 -0.0528 0.9976
193.0000 93.8136 -25.7541 2.4445 -0.0417 -0.0155 -0.0522 0.9976
194.0000 94.2852 -25.8091 2.4617 -0.0413 -0.0160 -0.0516 0.9977
195.0000 94.7578 -25.8599 2.4739 -0.0408 -0.0165 -0.0508 0.9977
196.0000 95.2321 -25.8985 2.4905 -0.0416 -0.0165 -0.0500 0.9977
197.0000 95.6871 -25.9459 2.5090 -0.0412 -0.0164 -0.0497 0.9978
198.0000 96.1480 -25.9947 2.5358 -0.0409 -0.0164 -0.0491 0.9978
199.0000 96.6093 -26.0332 2.5596 -0.0406 -0.0164 -0.0483 0.9979
200.0000 97.0733 -26.0710 2.5754 -0.0408 -0.0162 -0.0479 0.9979
201.0000 97.5223 -26.1088 2.5942 -0.0404 -0.0165 -0.0473 0.9979
202.0000 97.9667 -26.1519 2.6214 -0.0399 -0.0167 -0.0468 0.9980
203.0000 98.4265 -26.1961 2.6336 -0.0399 -0.0167 -0.0463 0.9980
204.0000 98.8782 -26.2325 2.6467 -0.0400 -0.0166 -0.0460 0.9980
205.0000 99.3356 -26.2842 2.6572 -0.0401 -0.0167 -0.0457 0.9980
206.0000 99.7966 -26.3043 2.6890 -0.0395 -0.0165 -0.0457 0.9980
207.0000 100.2233 -26.3509 2.7190 -0.0390 -0.0166 -0.0452 0.9981
208.0000 100.6526 -26.3871 2.7283 -0.0389 -0.0167 -0.0446 0.9981
209.0000 101.1268 -26.4410 2.7456 -0.0388 -0.0170 -0.0442 0.9981
210.0000 101.5631 -26.4705 2.7598 -0.0384 -0.0173 -0.0438 0.9981
211.0000 101.9987 -26.5107 2.7799 -0.0383 -0.0175 -0.0433 0.9982
212.0000 102.4602 -26.5438 2.7995 -0.0380 -0.0178 -0.0430 0.9982
213.0000 102.8987 -26.5832 2.8143 -0.0381 -0.0182 -0.0426 0.9982
214.0000 103.3304 -26.6102 2.8280 -0.0379 -0.0181 -0.0421 0.9982
215.0000 103.7731 -26.6496 2.8500 -0.0371 -0.0181 -0.0416 0.9983
216.0000 104.1980 -26.6772 2.8594 -0.0373 -0.0183 -0.0412 0.9983
217.0000 104.6438 -26.7095 2.8796 -0.0372 -0.0183 -0.0409 0.9983
218.0000 105.0779 -26.7485 2.8928 -0.0371 -0.0183 -0.0402 0.9983
219.0000 105.5035 -26.7910 2.9048 -0.0374 -0.0184 -0.0394 0.9984
220.0000 105.9397 -26.8101 2.9298 -0.0368 -0.0187 -0.0387 0.9984
221.0000 106.3561 -26.8409 2.9345 -0.0377 -0.0192 -0.0378 0.9984
222.0000 106.7887 -26.8753 2.9596 -0.0372 -0.0192 -0.0369 0.9984
223.0000 107.2192 -26.9106 2.9565 -0.0379 -0.0196 -0.0359 0.9984
224.0000 107.6426 -26.9278 2.9858 -0.0380 -0.0195 -0.0350 0.9985
225.0000 108.0689 -26.9652 3.0056 -0.0377 -0.0198 -0.0345 0.9985
226.0000 108.4953 -26.9765 3.0302 -0.0374 -0.0198 -0.0336 0.9985
227.0000 108.9283 -27.0044 3.0440 -0.0374 -0.0199 -0.0328 0.9986
228.0000 109.3288 -27.0359 3.0587 -0.0374 -0.0202 -0.0320 0.9986
229.0000 109.7616 -27.0533 3.0751 -0.0383 -0.0204 -0.0312 0.9986
230.0000 110.1948 -27.0811 3.0938 -0.0382 -0.0207 -0.0304 0.9986
231.0000 110.6184 -27.1078 3.1215 -0.0391 -0.0206 -0.0297 0.9986
232.0000 111.0198 -27.1312 3.1470 -0.0382 -0.0208 -0.0289 0.9986
233.0000 111.4612 -27.1460 3.1687 -0.0376 -0.0206 -0.0284 0.9987
234.0000 111.8971 -27.1653 3.1964 -0.0374 -0.0203 -0.0276 0.9987
235.0000 112.3048 -27.1955 3.1994 -0.0378 -0.0205 -0.0270 0.9987
236.0000 112.7308 -27.2009 3.2270 -0.0381 -0.0205 -0.0264 0.9987
237.0000 113.1513 -27.2261 3.2501 -0.0381 -0.0205 -0.0258 0.9987
238.0000 113.5934 -27.2414 3.2636 -0.0380 -0.0205 -0.0249 0.9988
239.0000 114.0126 -27.2667 3.2856 -0.0380 -0.0207 -0.0244 0.9988
240.0000 114.4414 -27.2864 3.2975 -0.0381 -0.0209 -0.0236 0.9988
241.0000 114.8600 -27.3049 3.3276 -0.0373 -0.0207 -0.0228 0.9988
242.0000 115.2957 -27.3156 3.3445 -0.0368 -0.0207 -0.0223 0.9989
243.0000 115.7058 -27.3386 3.3647 -0.0365 -0.0208 -0.0213 0.9989
244.0000 116.1359 -27.3517 3.3904 -0.0363 -0.0206 -0.0208 0.9989
245.0000 116.5692 -27.3662 3.4237 -0.0359 -0.0205 -0.0201 0.9989
246.0000 116.9780 -27.3777 3.4352 -0.0362 -0.0206 -0.0192 0.9989
247.0000 117.3942 -27.3932 3.4567 -0.0363 -0.0208 -0.0182 0.9990
248.0000 117.8258 -27.3998 3.4695 -0.0366 -0.0211 -0.0174 0.9990
249.0000 118.2515 -27.4118 3.4947 -0.0367 -0.0211 -0.0162 0.9990
250.0000 118.6704 -27.4397 3.5063 -0.0370 -0.0216 -0.0151 0.9990
251.0000 119.0836 -27.4486 3.5157 -0.0373 -0.0218 -0.0140 0.9990
252.0000 119.5084 -27.4443 3.5404 -0.0368 -0.0217 -0.0127 0.9990
253.0000 119.9152 -27.4645 3.5538 -0.0368 -0.0219 -0.0111 0.9990
254.0000 120.3439 -27.4678 3.5794 -0.0368 -0.0219 -0.0096 0.9990
255.0000 120.7628 -27.4734 3.5963 -0.0369 -0.0218 -0.0076 0.9991
256.0000 121.2002 -27.4552 3.6189 -0.0368 -0.0217 -0.0060 0.9991
257.0000 121.6169 -27.4721 3.6598 -0.0366 -0.0216 -0.0037 0.9991
258.0000 122.0257 -27.4693 3.6725 -0.0366 -0.0216 -0.0015 0.9991
259.0000 122.4589 -27.4606 3.6882 -0.0368 -0.0218 0.0009 0.9991
260.0000 122.8758 -27.4555 3.6965 -0.0373 -0.0219 0.0036 0.9991
261.0000 123.2907 -27.4407 3.7101 -0.0368 -0.0221 0.0061 0.9991
262.0000 123.7198 -27.4355 3.7214 -0.0367 -0.0223 0.0089 0.9990
263.0000 124.1281 -27.4250 3.7470 -0.0364 -0.0224 0.0118 0.9990
264.0000 124.5490 -27.4067 3.7670 -0.0364 -0.0226 0.0147 0.9990
265.0000 124.9771 -27.3775 3.7811 -0.0363 -0.0226 0.0174 0.9989
266.0000 125.4069 -27.3686 3.7991 -0.0362 -0.0226 0.0205 0.9989
267.0000 125.8200 -27.3470 3.8233 -0.0364 -0.0225 0.0236 0.9988
268.0000 126.2389 -27.3089 3.8547 -0.0361 -0.0223 0.0265 0.9987
269.0000 126.6596 -27.2852 3.8813 -0.0359 -0.0221 0.0295 0.9987
270.0000 127.0855 -27.2611 3.8959 -0.0360 -0.0220 0.0328 0.9986
271.0000 127.4929 -27.2310 3.9050 -0.0362 -0.0220 0.0359 0.9985
272.0000 127.9284 -27.1920 3.9257 -0.0356 -0.0220 0.0393 0.9984
273.0000 128.3213 -27.1640 3.9482 -0.0352 -0.0219 0.0432 0.9982
274.0000 128.7580 -27.1142 3.9729 -0.0348 -0.0218 0.0468 0.9981
275.0000 129.1877 -27.0630 3.9899 -0.0346 -0.0218 0.0505 0.9979
276.0000 129.6130 -27.0078 4.0071 -0.0345 -0.0220 0.0540 0.9977
277.0000 130.0284 -26.9624 4.0282 -0.0343 -0.0219 0.0577 0.9975
278.0000 130.4252 -26.8961 4.0305 -0.0338 -0.0221 0.0614 0.9973
279.0000 130.8390 -26.8452 4.0537 -0.0335 -0.0222 0.0648 0.9971
280.0000 131.2595 -26.7749 4.0675 -0.0330 -0.0225 0.0684 0.9969
281.0000 131.6830 -26.7067 4.0801 -0.0326 -0.0228 0.0720 0.9966
282.0000 132.0957 -26.6406 4.0989 -0.0326 -0.0229 0.0757 0.9963
283.0000 132.5024 -26.5718 4.1192 -0.0325 -0.0231 0.0791 0.9961
284.0000 132.9103 -26.4998 4.1281 -0.0327 -0.0233 0.0824 0.9958
285.0000 133.3312 -26.4194 4.1564 -0.0327 -0.0233 0.0854 0.9955
286.0000 133.7387 -26.3463 4.1730 -0.0326 -0.0232 0.0882 0.9953
287.0000 134.1535 -26.2662 4.1910 -0.0329 -0.0232 0.0909 0.9950
288.0000 134.5479 -26.1818 4.2079 -0.0331 -0.0232 0.0937 0.9948
289.0000 134.9613 -26.0939 4.2275 -0.0329 -0.0231 0.0959 0.9946
290.0000 135.3755 -26.0074 4.2521 -0.0332 -0.0227 0.0980 0.9944
291.0000 135.7842 -25.9158 4.2738 -0.0330 -0.0226 0.1000 0.9942
292.0000 136.2005 -25.8315 4.2948 -0.0332 -0.0225 0.1017 0.9940
293.0000 136.5976 -25.7490 4.3089 -0.0332 -0.0224 0.1032 0.9939
294.0000 137.0108 -25.6592 4.3336 -0.0331 -0.0222 0.1048 0.9937
295.0000 137.4318 -25.5677 4.3452 -0.0336 -0.0221 0.1062 0.9935
296.0000 137.8272 -25.4843 4.3609 -0.0331 -0.0222 0.1078 0.9934
297.0000 138.2329 -25.3963 4.3840 -0.0327 -0.0222 0.1090 0.9933
298.0000 138.6443 -25.3031 4.3931 -0.0324 -0.0222 0.1100 0.9932
299.0000 139.0542 -25.2084 4.4103 -0.0315 -0.0225 0.1110 0.9931
300.0000 139.4621 -25.1312 4.4332 -0.0316 -0.0223 0.1120 0.9930
301.0000 139.8712 -25.0258 4.4520 -0.0311 -0.0224 0.1126 0.9929
302.0000 140.2821 -24.9249 4.4607 -0.0307 -0.0225 0.1131 0.9929
303.0000 140.6997 -24.8339 4.4744 -0.0300 -0.0229 0.1137 0.9928
304.0000 141.0938 -24.7442 4.5020 -0.0298 -0.0226 0.1141 0.9928
305.0000 141.5106 -24.6514 4.5258 -0.0290 -0.0228 0.1142 0.9928
306.0000 141.9041 -24.5629 4.5402 -0.0288 -0.0228 0.1142 0.9928
307.0000 142.3172 -24.4754 4.5340 -0.0286 -0.0234 0.1141 0.9928
308.0000 142.7246 -24.3777 4.5694 -0.0281 -0.0234 0.1134 0.9929
309.0000 143.1389 -24.2970 4.5826 -0.0276 -0.0240 0.1125 0.9930
310.0000 143.5377 -24.2126 4.6025 -0.0273 -0.0241 0.1115 0.9931
311.0000 143.9435 -24.1265 4.6163 -0.0269 -0.0246 0.1100 0.9933
312.0000 144.3452 -24.0434 4.6332 -0.0267 -0.0249 0.1085 0.9934
313.0000 144.7538 -23.9493 4.6471 -0.0265 -0.0252 0.1063 0.9937
314.0000 145.1679 -23.8874 4.6776 -0.0262 -0.0254 0.1042 0.9939
315.0000 145.5735 -23.7974 4.6973 -0.0261 -0.0256 0.1017 0.9941
316.0000 145.9802 -23.7244 4.7212 -0.0258 -0.0257 0.0986 0.9945
317.0000 146.3938 -23.6566 4.7423 -0.0252 -0.0261 0.0958 0.9947
318.0000 146.7822 -23.5954 4.7798 -0.0244 -0.0265 0.0932 0.9950
319.0000 147.1950 -23.5184 4.8098 -0.0240 -0.0268 0.0899 0.9953
320.0000 147.6018 -23.4357 4.8425 -0.0233 -0.0272 0.0866 0.9956
321.0000 147.9962 -23.3834 4.8605 -0.0226 -0.0278 0.0836 0.9959
322.0000 148.4118 -23.3278 4.8847 -0.0218 -0.0285 0.0806 0.9961
323.0000 148.8056 -23.2716 4.8988 -0.0212 -0.0292 0.0776 0.9963
324.0000 149.2179 -23.2182 4.9293 -0.0202 -0.0298 0.0745 0.9966
325.0000 149.6163 -23.1624 4.9507 -0.0195 -0.0305 0.0715 0.9968
326.0000 150.0164 -23.1102 4.9874 -0.0187 -0.0310 0.0684 0.9970
327.0000 150.4230 -23.0629 5.0160 -0.0183 -0.0315 0.0652 0.9972
328.0000 150.8231 -23.0136 5.0750 -0.0175 -0.0317 0.0618 0.9974
329.0000 151.2265 -22.9699 5.1021 -0.0171 -0.0322 0.0582 0.9976
330.0000 151.6395 -22.9135 5.1293 -0.0165 -0.0327 0.0543 0.9979
331.0000 152.0210 -22.8967 5.1604 -0.0162 -0.0329 0.0510 0.9980
332.0000 152.4242 -22.8581 5.2028 -0.0155 -0.0333 0.0474 0.9982
333.0000 152.8277 -22.8215 5.2372 -0.0151 -0.0337 0.0434 0.9984
334.0000 153.2240 -22.7923 5.2560 -0.0147 -0.0342 0.0395 0.9985
335.0000 153.6183 -22.7818 5.2878 -0.0141 -0.0349 0.0357 0.9987
336.0000 154.0126 -22.7729 5.3112 -0.0137 -0.0353 0.0318 0.9988
337.0000 154.4001 -22.7551 5.3444 -0.0130 -0.0361 0.0278 0.9989
338.0000 154.8025 -22.7342 5.3712 -0.0125 -0.0365 0.0232 0.9990
339.0000 155.1876 -22.7135 5.4066 -0.0120 -0.0373 0.0189 0.9991
340.0000 155.5985 -22.7112 5.4430 -0.0115 -0.0379 0.0143 0.9991
341.0000 156.0011 -22.7158 5.4485 -0.0112 -0.0389 0.0096 0.9991
342.0000 156.3890 -22.7188 5.4736 -0.0108 -0.0398 0.0049 0.9991
343.0000 156.7809 -22.7253 5.5089 -0.0102 -0.0405 0.0002 0.9991
344.0000 157.1768 -22.7299 5.5288 -0.0099 -0.0414 -0.0046 0.9991
345.0000 157.5744 -22.7412 5.5662 -0.0096 -0.0422 -0.0093 0.9990
346.0000 157.9701 -22.7644 5.5977 -0.0091 -0.0430 -0.0140 0.9989
347.0000 158.3597 -22.7789 5.6331 -0.0088 -0.0436 -0.0187 0.9988
348.0000 158.7656 -22.8013 5.6629 -0.0086 -0.0443 -0.0237 0.9987
349.0000 159.1488 -22.8298 5.6836 -0.0079 -0.0452 -0.0286 0.9985
350.0000 159.5321 -22.8708 5.7053 -0.0073 -0.0461 -0.0335 0.9983
351.0000 159.9230 -22.9128 5.7338 -0.0068 -0.0470 -0.0385 0.9981
352.0000 160.3053 -22.9529 5.7712 -0.0063 -0.0478 -0.0438 0.9979
353.0000 160.7046 -22.9871 5.8207 -0.0058 -0.0482 -0.0492 0.9976
354.0000 161.1028 -23.0387 5.8672 -0.0055 -0.0483 -0.0548 0.9973
355.0000 161.4991 -23.0835 5.9243 -0.0052 -0.0481 -0.0601 0.9970
356.0000 161.8941 -23.1393 5.9657 -0.0046 -0.0479 -0.0653 0.9967
357.0000 162.2877 -23.2060 5.9951 -0.0042 -0.0480 -0.0704 0.9964
358.0000 162.6705 -23.2789 6.0414 -0.0036 -0.0481 -0.0755 0.9960
359.0000 163.0511 -23.3446 6.0813 -0.0034 -0.0485 -0.0810 0.9955
360.0000 163.4438 -23.4083 6.1082 -0.0031 -0.0494 -0.0865 0.9950
361.0000 163.8195 -23.4908 6.1486 -0.0029 -0.0501 -0.0922 0.9945
362.0000 164.2009 -23.5702 6.1751 -0.0027 -0.0510 -0.0979 0.9939
363.0000 164.5851 -23.6567 6.2189 -0.0029 -0.0517 -0.1031 0.9933
364.0000 164.9714 -23.7397 6.2743 -0.0026 -0.0522 -0.1085 0.9927
365.0000 165.3513 -23.8389 6.3130 -0.0025 -0.0525 -0.1139 0.9921
366.0000 165.7354 -23.9354 6.3537 -0.0024 -0.0528 -0.1194 0.9914
367.0000 166.1191 -24.0226 6.4099 -0.0021 -0.0528 -0.1250 0.9908
368.0000 166.4961 -24.1320 6.4486 -0.0020 -0.0527 -0.1303 0.9901
369.0000 166.8717 -24.2352 6.4970 -0.0018 -0.0525 -0.1358 0.9893
370.0000 167.2495 -24.3453 6.5388 -0.0015 -0.0524 -0.1415 0.9886
371.0000 167.6263 -24.4724 6.5906 -0.0011 -0.0520 -0.1472 0.9877
372.0000 167.9949 -24.5961 6.6300 -0.0007 -0.0520 -0.1532 0.9868
373.0000 168.3690 -24.7097 6.6829 -0.0007 -0.0519 -0.1597 0.9858
374.0000 168.7500 -24.8518 6.7181 -0.0004 -0.0519 -0.1663 0.9847
375.0000 169.1124 -24.9980 6.7578 0.0001 -0.0515 -0.1728 0.9836
376.0000 169.4844 -25.1499 6.7994 0.0006 -0.0513 -0.1796 0.9824
377.0000 169.8431 -25.2969 6.8425 0.0008 -0.0511 -0.1859 0.9812
378.0000 170.2092 -25.4572 6.8856 0.0012 -0.0507 -0.1925 0.9800
379.0000 170.5744 -25.6159 6.9288 0.0015 -0.0507 -0.1990 0.9787
380.0000 170.9306 -25.7913 6.9612 0.0020 -0.0507 -0.2054 0.9774
381.0000 171.2815 -25.9611 7.0075 0.0023 -0.0505 -0.2119 0.9760
382.0000 171.6301 -26.1446 7.0362 0.0027 -0.0502 -0.2181 0.9746
383.0000 171.9863 -26.3154 7.0748 0.0031 -0.0504 -0.2242 0.9732
384.0000 172.3439 -26.5028 7.1125 0.0033 -0.0503 -0.2302 0.9718
385.0000 172.6919 -26.6948 7.1519 0.0037 -0.0502 -0.2364 0.9704
386.0000 173.0348 -26.8804 7.1977 0.0040 -0.0503 -0.2423 0.9689
387.0000 173.3853 -27.0866 7.2328 0.0042 -0.0502 -0.2482 0.9674
388.0000 173.7357 -27.2885 7.2648 0.0044 -0.0502 -0.2539 0.9659
389.0000 174.0725 -27.5007 7.3026 0.0047 -0.0503 -0.2597 0.9644
390.0000 174.4190 -27.7155 7.3461 0.0050 -0.0502 -0.2652 0.9629
391.0000 174.7570 -27.9373 7.3803 0.0054 -0.0504 -0.2707 0.9613
392.0000 175.0910 -28.1577 7.4193 0.0057 -0.0507 -0.2759 0.9598
393.0000 175.4273 -28.3878 7.4521 0.0060 -0.0510 -0.2813 0.9583
394.0000 175.7613 -28.6147 7.4775 0.0062 -0.0517 -0.2869 0.9566
395.0000 176.0800 -28.8406 7.5107 0.0066 -0.0525 -0.2923 0.9548
396.0000 176.4061 -29.0739 7.5440 0.0067 -0.0537 -0.2978 0.9531
397.0000 176.7405 -29.3151 7.5670 0.0068 -0.0547 -0.3030 0.9514
398.0000 177.0609 -29.5539 7.6007 0.0070 -0.0561 -0.3082 0.9497
399.0000 177.3730 -29.7968 7.6344 0.0071 -0.0572 -0.3130 0.9480
400.0000 177.6949 -30.0546 7.6708 0.0077 -0.0582 -0.3181 0.9462
401.0000 178.0204 -30.3020 7.7076 0.0072 -0.0584 -0.3231 0.9445
402.0000 178.3426 -30.5625 7.7446 0.0066 -0.0586 -0.3281 0.9428
403.0000 178.6610 -30.8187 7.7992 0.0061 -0.0587 -0.3330 0.9411
404.0000 178.9862 -31.0881 7.8442 0.0059 -0.0583 -0.3378 0.9394
405.0000 179.2949 -31.3714 7.9004 0.0055 -0.0580 -0.3422 0.9378
406.0000 179.6059 -31.6422 7.9613 0.0046 -0.0573 -0.3466 0.9363
407.0000 179.9272 -31.9212 8.0038 0.0043 -0.0568 -0.3511 0.9346
408.0000 180.2266 -32.2016 8.0595 0.0036 -0.0562 -0.3554 0.9330
409.0000 180.5417 -32.4753 8.1110 0.0031 -0.0555 -0.3602 0.9312
410.0000 180.8443 -32.7541 8.1648 0.0023 -0.0547 -0.3646 0.9295
411.0000 181.1456 -33.0480 8.2039 0.0016 -0.0542 -0.3691 0.9278
412.0000 181.4402 -33.3394 8.2424 0.0010 -0.0538 -0.3732 0.9262
413.0000 181.7278 -33.6417 8.2837 0.0013 -0.0538 -0.3771 0.9246
414.0000 182.0211 -33.9373 8.3363 0.0019 -0.0537 -0.3809 0.9230
415.0000 182.3179 -34.2433 8.3758 0.0030 -0.0538 -0.3844 0.9216
416.0000 182.6174 -34.5467 8.4137 0.0039 -0.0540 -0.3876 0.9202
417.0000 182.9059 -34.8569 8.4585 0.0044 -0.0541 -0.3904 0.9191
418.0000 183.1722 -35.1540 8.5061 0.0049 -0.0544 -0.3928 0.9180
419.0000 183.4682 -35.4499 8.5410 0.0053 -0.0544 -0.3953 0.9169
420.0000 183.7660 -35.7485 8.5828 0.0054 -0.0547 -0.3975 0.9159
421.0000 184.0527 -36.0534 8.6248 0.0055 -0.0550 -0.3992 0.9152
422.0000 184.3235 -36.3635 8.6617 0.0054 -0.0551 -0.4010 0.9144
423.0000 184.5938 -36.6583 8.7072 0.0056 -0.0549 -0.4025 0.9138
424.0000 184.8606 -36.9668 8.7461 0.0061 -0.0548 -0.4043 0.9130
425.0000 185.1521 -37.2919 8.7903 0.0060 -0.0550 -0.4064 0.9120
426.0000 185.4331 -37.6062 8.8188 0.0054 -0.0546 -0.4084 0.9112
427.0000 185.7068 -37.9042 8.8782 0.0060 -0.0545 -0.4101 0.9104
428.0000 185.9907 -38.2298 8.9164 0.0060 -0.0549 -0.4119 0.9095
429.0000 186.2608 -38.5297 8.9579 0.0062 -0.0553 -0.4134 0.9089
430.0000 186.5302 -38.8525 8.9707 0.0057 -0.0557 -0.4151 0.9080
431.0000 186.8089 -39.1719 8.9866 0.0051 -0.0558 -0.4166 0.9074
432.0000 187.0768 -39.4784 9.0380 0.0053 -0.0560 -0.4180 0.9067
433.0000 187.3501 -39.8098 9.0844 0.0053 -0.0559 -0.4192 0.9061
434.0000 187.6205 -40.1260 9.1371 0.0055 -0.0558 -0.4203 0.9057
435.0000 187.8701 -40.4524 9.1744 0.0042 -0.0544 -0.4217 0.9051
436.0000 188.1574 -40.7779 9.2224 0.0050 -0.0541 -0.4233 0.9044
437.0000 188.4223 -41.1023 9.2673 0.0050 -0.0544 -0.4243 0.9039
438.0000 188.6920 -41.4161 9.3077 0.0048 -0.0546 -0.4256 0.9033
439.0000 188.9567 -41.7410 9.3313 0.0043 -0.0547 -0.4268 0.9027
440.0000 189.2353 -42.0681 9.3714 0.0039 -0.0549 -0.4280 0.9021
441.0000 189.4789 -42.3679 9.3989 0.0039 -0.0555 -0.4289 0.9016
442.0000 189.7397 -42.6805 9.4330 0.0042 -0.0558 -0.4296 0.9013
443.0000 189.9881 -43.0286 9.4655 0.0041 -0.0563 -0.4302 0.9010
444.0000 190.2388 -43.3474 9.5067 0.0049 -0.0567 -0.4308 0.9007
445.0000 190.5095 -43.6878 9.5381 0.0053 -0.0573 -0.4314 0.9003
446.0000 190.7767 -44.0305 9.5921 0.0042 -0.0564 -0.4320 0.9001
447.0000 191.0420 -44.3504 9.6263 0.0031 -0.0561 -0.4328 0.8997
448.0000 191.3165 -44.7066 9.6657 0.0024 -0.0562 -0.4329 0.8997
449.0000 191.5667 -45.0325 9.6940 0.0024 -0.0565 -0.4332 0.8995
450.0000 191.8179 -45.3548 9.7324 0.0022 -0.0567 -0.4334 0.8994
451.0000 192.0826 -45.6981 9.7725 0.0019 -0.0568 -0.4337 0.8993
452.0000 192.3525 -46.0333 9.8160 0.0019 -0.0573 -0.4340 0.8991
453.0000 192.6164 -46.3721 9.8525 0.0019 -0.0578 -0.4342 0.8990
454.0000 192.8808 -46.7172 9.8995 0.0019 -0.0580 -0.4342 0.8989
455.0000 193.1360 -47.0554 9.9392 0.0016 -0.0585 -0.4339 0.8990
456.0000 193.3978 -47.3820 9.9861 0.0013 -0.0588 -0.4336 0.8992
457.0000 193.6736 -47.7435 10.0314 0.0022 -0.0595 -0.4330 0.8994
458.0000 193.9466 -48.0828 10.0769 0.0022 -0.0596 -0.4328 0.8995
459.0000 194.2194 -48.4413 10.1298 0.0025 -0.0598 -0.4326 0.8996
460.0000 194.4986 -48.7803 10.1805 0.0029 -0.0600 -0.4321 0.8998
461.0000 194.7850 -49.1397 10.2229 0.0021 -0.0598 -0.4319 0.8999
462.0000 195.0671 -49.5034 10.2584 0.0021 -0.0598 -0.4319 0.8999
463.0000 195.3082 -49.8273 10.3034 0.0019 -0.0600 -0.4312 0.9003
464.0000 195.6104 -50.1962 10.3482 0.0006 -0.0598 -0.4311 0.9003
465.0000 195.8978 -50.5547 10.3991 0.0004 -0.0600 -0.4308 0.9004
466.0000 196.1773 -50.9095 10.4439 0.0004 -0.0602 -0.4307 0.9005
467.0000 196.4683 -51.2689 10.4939 0.0005 -0.0606 -0.4306 0.9005
468.0000 196.7311 -51.6225 10.5606 0.0001 -0.0603 -0.4302 0.9007
469.0000 197.0489 -52.0042 10.6098 -0.0004 -0.0602 -0.4303 0.9007
470.0000 197.3547 -52.3698 10.6635 -0.0005 -0.0603 -0.4302 0.9007
471.0000 197.6557 -52.7328 10.7093 -0.0007 -0.0604 -0.4303 0.9007
472.0000 197.9457 -53.0890 10.7580 -0.0003 -0.0607 -0.4301 0.9007
473.0000 198.2464 -53.4667 10.8159 -0.0007 -0.0606 -0.4300 0.9008
474.0000 198.5340 -53.8275 10.8534 -0.0011 -0.0606 -0.4302 0.9007
475.0000 198.8409 -54.1895 10.9038 -0.0007 -0.0609 -0.4306 0.9005
476.0000 199.1409 -54.5701 10.9564 -0.0010 -0.0610 -0.4308 0.9004
477.0000 199.4465 -54.9423 11.0073 -0.0006 -0.0614 -0.4311 0.9002
478.0000 199.7462 -55.3112 11.0551 -0.0001 -0.0618 -0.4314 0.9001
479.0000 200.0481 -55.7064 11.1063 -0.0004 -0.0621 -0.4315 0.9000
480.0000 200.3560 -56.1020 11.1502 -0.0003 -0.0622 -0.4317 0.8999
481.0000 200.6735 -56.4809 11.2147 0.0005 -0.0628 -0.4321 0.8996
482.0000 200.9771 -56.8770 11.2730 -0.0004 -0.0626 -0.4321 0.8996
483.0000 201.2957 -57.2615 11.3257 0.0001 -0.0631 -0.4325 0.8994
484.0000 201.6142 -57.6666 11.3733 0.0003 -0.0635 -0.4328 0.8993
485.0000 201.9342 -58.0594 11.4338 0.0003 -0.0636 -0.4329 0.8992
486.0000 202.2427 -58.4580 11.4950 0.0010 -0.0637 -0.4331 0.8991
487.0000 202.5660 -58.8769 11.5676 0.0013 -0.0635 -0.4329 0.8992
488.0000 202.8844 -59.2682 11.6270 0.0018 -0.0636 -0.4333 0.8990
489.0000 203.2246 -59.6917 11.6795 0.0018 -0.0638 -0.4336 0.8988
490.0000 203.5471 -60.1083 11.7530 0.0022 -0.0640 -0.4339 0.8987
491.0000 203.8610 -60.5073 11.8011 0.0021 -0.0641 -0.4340 0.8986
492.0000 204.1864 -60.9076 11.8621 0.0023 -0.0642 -0.4342 0.8985
493.0000 204.4952 -61.3147 11.9266 0.0022 -0.0642 -0.4344 0.8984
494.0000 204.8149 -61.7212 11.9862 0.0022 -0.0646 -0.4346 0.8983
495.0000 205.1372 -62.1300 12.0417 0.0025 -0.0649 -0.4347 0.8982
496.0000 205.4729 -62.5514 12.1022 0.0021 -0.0651 -0.4349 0.8981
497.0000 205.8109 -62.9669 12.1606 0.0022 -0.0651 -0.4351 0.8980
498.0000 206.1362 -63.3841 12.2189 0.0022 -0.0652 -0.4357 0.8977
499.0000 206.4741 -63.8124 12.2804 0.0018 -0.0655 -0.4358 0.8976
500.0000 206.8057 -64.2220 12.3457 0.0019 -0.0656 -0.4359 0.8976
501.0000 207.1266 -64.6584 12.4196 0.0023 -0.0656 -0.4360 0.8975
502.0000 207.4489 -65.0708 12.4816 0.0021 -0.0656 -0.4364 0.8974
503.0000 207.7708 -65.4937 12.5461 0.0023 -0.0660 -0.4364 0.8973
504.0000 208.1185 -65.9384 12.6126 0.0027 -0.0663 -0.4365 0.8972
505.0000 208.4410 -66.3473 12.6849 0.0024 -0.0665 -0.4369 0.8971
506.0000 208.7641 -66.7612 12.7417 0.0023 -0.0667 -0.4367 0.8971
507.0000 209.0915 -67.1857 12.8077 0.0022 -0.0667 -0.4367 0.8971
508.0000 209.4216 -67.6025 12.8827 0.0029 -0.0672 -0.4370 0.8970
509.0000 209.7684 -68.0510 12.9341 0.0038 -0.0680 -0.4367 0.8970
510.0000 210.1042 -68.4882 12.9991 0.0047 -0.0686 -0.4366 0.8970
511.0000 210.4213 -68.9016 13.0562 0.0053 -0.0692 -0.4366 0.8970
512.0000 210.7556 -69.3096 13.1275 0.0061 -0.0696 -0.4368 0.8968
513.0000 211.1001 -69.7511 13.1972 0.0068 -0.0702 -0.4369 0.8967
514.0000 211.4353 -70.1888 13.2538 0.0070 -0.0710 -0.4374 0.8964
515.0000 211.7577 -70.6133 13.3279 0.0076 -0.0714 -0.4378 0.8962
516.0000 212.0885 -71.0463 13.3930 0.0084 -0.0720 -0.4386 0.8958
517.0000 212.4048 -71.4882 13.4602 0.0093 -0.0727 -0.4394 0.8953
518.0000 212.7247 -71.9206 13.5311 0.0112 -0.0738 -0.4404 0.8947
519.0000 213.0402 -72.3517 13.5818 0.0132 -0.0756 -0.4415 0.8940
520.0000 213.3842 -72.7742 13.6261 0.0137 -0.0776 -0.4428 0.8932
521.0000 213.7051 -73.2316 13.6375 0.0145 -0.0797 -0.4443 0.8922
522.0000 214.0158 -73.6727 13.6759 0.0149 -0.0809 -0.4456 0.8915
523.0000 214.3529 -74.0967 13.7174 0.0154 -0.0822 -0.4469 0.8907
524.0000 214.6916 -74.5303 13.7656 0.0163 -0.0831 -0.4482 0.8899
525.0000 215.0344 -74.9804 13.8690 0.0167 -0.0831 -0.4493 0.8893
526.0000 215.3574 -75.4263 13.9522 0.0171 -0.0829 -0.4504 0.8888
527.0000 215.6917 -75.8502 14.0438 0.0172 -0.0828 -0.4515 0.8882
528.0000 216.0251 -76.2647 14.1097 0.0167 -0.0828 -0.4529 0.8876
529.0000 216.3524 -76.6755 14.1861 0.0161 -0.0824 -0.4544 0.8868
530.0000 216.7092 -77.1282 14.2354 0.0156 -0.0826 -0.4563 0.8858
531.0000 217.0102 -77.5620 14.2958 0.0152 -0.0828 -0.4583 0.8848
532.0000 217.3595 -78.0335 14.3629 0.0152 -0.0828 -0.4602 0.8838
